0.840161 -0.338632 -0.423625 -0.338354 -0.937735 0.0785488 -0.423847 0.0773418 -0.902425 0.959102 -0.176539 -0.221262
0.839451 -0.337633 -0.425824 -0.337359 -0.938077 0.0787411 -0.426041 0.0775563 -0.901373 0.0299705 0.141458 -0.0326033
0.839451 -0.337633 -0.425824 -0.337359 -0.938077 0.0787411 -0.426041 0.0775563 -0.901373 0.0299705 0.141458 -0.0326033
0.839451 -0.337633 -0.425824 -0.337359 -0.938077 0.0787411 -0.426041 0.0775563 -0.901373 0.0299705 0.141458 -0.0326033
0.839451 -0.337633 -0.425824 -0.337359 -0.938077 0.0787411 -0.426041 0.0775563 -0.901373 0.0299705 0.141458 -0.0326033
0.839451 -0.337633 -0.425824 -0.337359 -0.938077 0.0787411 -0.426041 0.0775563 -0.901373 0.0299705 0.141458 -0.0326033
0.839177 -0.341362 -0.423383 -0.340455 -0.936807 0.0805145 -0.424113 0.076577 -0.902366 -0.811223 0.487086 0.38325
0.839177 -0.341362 -0.423383 -0.340455 -0.936807 0.0805145 -0.424113 0.076577 -0.902366 -0.811223 0.487086 0.38325
0.839177 -0.341362 -0.423383 -0.340455 -0.936807 0.0805145 -0.424113 0.076577 -0.902366 -0.811223 0.487086 0.38325
0.839177 -0.341362 -0.423383 -0.340455 -0.936807 0.0805145 -0.424113 0.076577 -0.902366 -0.811223 0.487086 0.38325
0.838738 -0.34158 -0.424078 -0.341468 -0.936566 0.0790204 -0.424169 0.0785316 -0.902172 -1.6773 0.812441 0.762789
0.838738 -0.34158 -0.424078 -0.341468 -0.936566 0.0790204 -0.424169 0.0785316 -0.902172 -1.6773 0.812441 0.762789
0.838738 -0.34158 -0.424078 -0.341468 -0.936566 0.0790204 -0.424169 0.0785316 -0.902172 -1.6773 0.812441 0.762789
0.837395 -0.342857 -0.425698 -0.342586 -0.936073 0.0800089 -0.425917 0.0788393 -0.901321 -2.57361 1.1596 1.03869
0.837395 -0.342857 -0.425698 -0.342586 -0.936073 0.0800089 -0.425917 0.0788393 -0.901321 -2.57361 1.1596 1.03869
0.837395 -0.342857 -0.425698 -0.342586 -0.936073 0.0800089 -0.425917 0.0788393 -0.901321 -2.57361 1.1596 1.03869
0.837395 -0.342857 -0.425698 -0.342586 -0.936073 0.0800089 -0.425917 0.0788393 -0.901321 -2.57361 1.1596 1.03869
0.836105 -0.346079 -0.425627 -0.34519 -0.934934 0.0821059 -0.426348 0.078273 -0.901166 -3.44894 1.51274 1.36896
0.836105 -0.346079 -0.425627 -0.34519 -0.934934 0.0821059 -0.426348 0.078273 -0.901166 -3.44894 1.51274 1.36896
0.836105 -0.346079 -0.425627 -0.34519 -0.934934 0.0821059 -0.426348 0.078273 -0.901166 -3.44894 1.51274 1.36896
0.838456 -0.346679 -0.420482 -0.345194 -0.9349 0.0824785 -0.421702 0.0759932 -0.903544 -4.13837 1.99502 1.90943
0.837698 -0.346468 -0.422163 -0.344984 -0.934953 0.0827624 -0.423377 0.0763097 -0.902734 -5.00829 2.32353 2.27729
0.834019 -0.344935 -0.430618 -0.344395 -0.935227 0.0821157 -0.43105 0.0798168 -0.898791 -5.85025 2.70852 2.65529
0.834019 -0.344935 -0.430618 -0.344395 -0.935227 0.0821157 -0.43105 0.0798168 -0.898791 -5.85025 2.70852 2.65529
0.834019 -0.344935 -0.430618 -0.344395 -0.935227 0.0821157 -0.43105 0.0798168 -0.898791 -5.85025 2.70852 2.65529
0.834019 -0.344935 -0.430618 -0.344395 -0.935227 0.0821157 -0.43105 0.0798168 -0.898791 -5.85025 2.70852 2.65529
0.831475 -0.3433 -0.4368 -0.343956 -0.935526 0.0805285 -0.436284 0.0832826 -0.895947 -6.67755 3.10406 3.05418
0.831475 -0.3433 -0.4368 -0.343956 -0.935526 0.0805285 -0.436284 0.0832826 -0.895947 -6.67755 3.10406 3.05418
0.831475 -0.3433 -0.4368 -0.343956 -0.935526 0.0805285 -0.436284 0.0832826 -0.895947 -6.67755 3.10406 3.05418
0.831475 -0.3433 -0.4368 -0.343956 -0.935526 0.0805285 -0.436284 0.0832826 -0.895947 -6.67755 3.10406 3.05418
0.831475 -0.3433 -0.4368 -0.343956 -0.935526 0.0805285 -0.436284 0.0832826 -0.895947 -6.67755 3.10406 3.05418
0.831475 -0.3433 -0.4368 -0.343956 -0.935526 0.0805285 -0.436284 0.0832826 -0.895947 -6.67755 3.10406 3.05418
0.831475 -0.3433 -0.4368 -0.343956 -0.935526 0.0805285 -0.436284 0.0832826 -0.895947 -6.67755 3.10406 3.05418
0.830185 -0.343541 -0.439058 -0.344113 -0.935406 0.0812491 -0.43861 0.0836339 -0.894777 -7.38871 3.59945 3.55303
0.830185 -0.343541 -0.439058 -0.344113 -0.935406 0.0812491 -0.43861 0.0836339 -0.894777 -7.38871 3.59945 3.55303
0.830185 -0.343541 -0.439058 -0.344113 -0.935406 0.0812491 -0.43861 0.0836339 -0.894777 -7.38871 3.59945 3.55303
0.830185 -0.343541 -0.439058 -0.344113 -0.935406 0.0812491 -0.43861 0.0836339 -0.894777 -7.38871 3.59945 3.55303
0.830185 -0.343541 -0.439058 -0.344113 -0.935406 0.0812491 -0.43861 0.0836339 -0.894777 -7.38871 3.59945 3.55303
0.828662 -0.339816 -0.444797 -0.342177 -0.9364 0.0779124 -0.442984 0.0876361 -0.892236 -8.20994 3.9543 3.99986
0.828662 -0.339816 -0.444797 -0.342177 -0.9364 0.0779124 -0.442984 0.0876361 -0.892236 -8.20994 3.9543 3.99986
0.828662 -0.339816 -0.444797 -0.342177 -0.9364 0.0779124 -0.442984 0.0876361 -0.892236 -8.20994 3.9543 3.99986
0.828662 -0.339816 -0.444797 -0.342177 -0.9364 0.0779124 -0.442984 0.0876361 -0.892236 -8.20994 3.9543 3.99986
0.828662 -0.339816 -0.444797 -0.342177 -0.9364 0.0779124 -0.442984 0.0876361 -0.892236 -8.20994 3.9543 3.99986
0.828792 -0.343974 -0.441346 -0.344801 -0.935145 0.0813374 -0.4407 0.0847646 -0.893643 -9.12769 4.29842 4.19814
0.828792 -0.343974 -0.441346 -0.344801 -0.935145 0.0813374 -0.4407 0.0847646 -0.893643 -9.12769 4.29842 4.19814
